$ANSIBLE_VAULT;1.1;AES256
31373537303436333038643635613164636663313362313037353939343738633061643130633130
6166313738303438313235373736623039656562356330650a363435653734663731626638396433
35383630306638376638633432653135356537313838646563373933373637396162313230633732
6237303836653137610a646637613266613863373661623862366239393435346530343335383930
64353463376631623866313038386432643963333638643130383532366634386231336335346462
65316562343461626337376637643464663236323265303264613466636330343236323865386562
64306239636532353937623931333862366230646431393865376263656562303564643063643337
39623465653237623961326263316337356638616532623636353265656165363463616339363331
35613935633538303732643434623732613261383664663839393939393634636666653834613164
36303732343131316231643264383962663633383137633832376135363832646631396164353030
33616134336139376339306532346264653131313261623363643937393366376438656166323539
65653363306362303061663038333337633234323832313938313638393963666238343935353536
39396438336536636239383965373765343939336231623232333834383761336162643032623036
39396537336566646361623139656566323963646532386133623863633536333839333237613637
62643863393462313765633135353635393433643061643638353732663639656131616531323663
63326330323036303131613666396265393265373332393034356539653730633931663532343566
62366331353639353438643039636639326635666231383964636238666165323736386465623365
61633033383364353364316365323433643839326264366235646564646163653061306663306538
37663535626631323831626633336430373133396137336433663732643561646232323739326364
38393838336531336235636235663431613439626335643234343564666138366563386537336164
39323265656436663566626361373562616564663863646263363662376364383233313631376635
39333930366632366564366161383630623163623636623164306665666436346233633631643030
32366537316465326562336537383831303231383237656133323764313934336664366331616435
64396666356663363538633862376561616534366536333362343031393934623436396237366261
39623835613030303661666230353437373739353961343065346332616564616533326333373138
34393666623262393935373738633331363939646630313532333563383030626133333232366332
63336366366134396465626130353137343864633839303565393166663266383931613031343262
36613133343239626434323239613834303562633435363439373435346438313238356234323437
63343135396664623030343264643934323536353630363162646262363063323435383734356336
63353934353365663738363937306664653464386438646233643033613862633739353538366331
38316430633034306162323561393435376431333935656536353861326662393366383238313430
66396361303461333433306630313336386330363739663364323130613964303864633732616362
31396465383739303930386566646131633261623631643137663263313466393930633138323330
65343836356436356338623739326366646662303264366538646461306462333663303030333663
65343937646137623632663631653034336665653665303464376566666564666664333732373134
61626432643039343239333763636534383930623765356264386663373563353333383834323236
34613531363533653737643361303164636432656331613530303135653538313639336433666639
34346134303463393434323532353466646234346131633263386139613733303061636361396661
33653362393237376437663864333964656365396437323331393130373562353665333762353732
32333966363031376432383766653766306337346465336263626132643837663433326335633165
35626438343938623436346137326665623161363165306337623235363633636330373164613864
66653565386362383930623364663030643466333230663761316333393364383536656363646632
62356438626431376330373832333061663832346633393632643436326233663730643166663634
66356139303962353737343466346530373737323831383034663564383762306563633064616630
38653630356561663936653336363439356136363534643534366462383738623364623232646261
30383833303161313630323831343161346635363535363438333561386433383532396536666333
33633263636466336164383061393565373565656632343430363132383531623965613964613732
30303231643930383335306338393565633737353064643431306439663366626336336363613936
65626565343239666537653533383534363438383763353432646338313461616337656236626564
61343430613038616664333531343763353437626261316565333636623532663338633431316564
38343233613333393861383762386330663234356264396131323333616237643664303139333238
30333062393338303561363962346133653164616437373331386661386434353137623931656335
37306432613963316336386263626336303966336164363565373137376639386564306539363961
35376137343262313938643333313466353463636664363166386637623064666466383437613032
65333334323465313732316361356333313237646263323136646133303038356363663438333133
35633034356566646630333937343835376364656265306261353030326134613733666166633837
37363232393639373233383032333432383537663530633961383333653463313531336133303736
38323639616366383236396566646233373433666530333933363736613264326431313536386462
62363230383632376262376663326138383634636336663562333766646230616634313439656638
34346462333866383032393732636435636663663962653633623834336363366462313937346434
63336235333565623933366265366232643931353235663831353935303137633430613238343163
33386166623638343562663232323338346363393964376366663839613930636234373863333730
66343630316430356132636137383030626332376561303238323735333532656434366234326637
66656461336465326130383435346464373235663238323863633835393332336463353831653238
62663239313164653063386137316332316362323335396564663265363135323661613535643130
36376538373165666565663333306663373531326533363636653265343161326538616465383934
66336335333937656662396433633732313466326166366666613131363964373330303538393265
31613939353466656334663562356661643764386162376233386435323837353166386466623235
30393661613939323035623332323037643535613061666664616434346461303165653865353731
66393865353330636461346366303661356563313838396662323566383563633031616338383838
61303334306234346437363930653037393864626335363764396530373132643063386139663532
61653233323462623733316663383366303963336435373034396365303366623032363864316338
64616161373330386136343363653036373636396666316436353937316563666237383466663536
62393332386131336537383738646263613966333463373766346135336666383266646339326166
36336461393136646264386432393238363764663138303765393230343338353435623331343937
65653061303663613131646537666431613264323063666564666530343234663536376538383864
33396431633134346263353031333130306633643636303938323934383063663136346331346461
30316533366466643532393635343865316336303637363363393933626335383163356363313131
36323134353665313761623763613635373332653436623566346231336436643666663530346133
65666630393934653731313134373533616230633265626632346339663165333833336562633836
39633261353035306432623335623536326535383436303833323139373761663965363066393365
63643734316535646438383438323061386538396162663630613161356536373038366662366534
30656633326365373732353265653737363565386663643236636536616430643630366332616636
34623139393166316333313336326234396265353930393431633335653830386139326337383162
66386330343565353362366530393161313137386665323232663334613633633638303666343764
65313265386633393033633362316337303766623431333365333139366138353436613863356537
65343836636337316562333234636230326136303935636664646530663730386131626435613937
32343636386562336131333937343662366666626131653562303432363031313464336137326465
64343635396462356266333166393361383966373932346130343731323665613439633831383439
35643365396432333530306163383434613465313361303166303262306335363937346532346235
30663632393632373539613431373561306661303936376639363037633163643433393165636232
32333037303730346534636164326331656462333738663761313462616363336434303465383639
32643266366461363434386437303263653131613539636562396664393631613531313731633537
33363730666462633030333365633764613132666130316632376239323131343238313431386563
63336566356233343436326265303065633237356636613933366330626539663037353063316638
37356632353766666534326233623838343530383464366131353233656431323366386461383362
36326265353336643135613430353837613133666366373832343637653561613637376331306639
30626264393337633062653239643933633231643231313265656339656639343864356332363139
61383764636465383064343236383139383531376436613035396562363332313931653166396436
35363233353062623635313737636264323034326364373863643431376133653964616636396661
31643463663664633063313432376235303633353361656231626135623966353532623735336335
39303630323135366132386634323762336262306439306261646461646436303939393130306265
37616632663830663134373335646631643862613461646238303730363539343738383539313163
62636637656338393631633134633738313538366436666131653362363133646365343530363031
65373036393061383330383336333466353566663937633366643461646132616339626233663233
63663533303862656334623361333766366237666330666131343033383332353931363939633261
63313137316531646465303836363638333839393266306161386334643237346231336163333431
64316233306330623231353534336665613033326461323363643337636234646563363633363464
30653637333436656536333137396366623761613764303161663661613565343435636437396231
30326239356663643061393933383531346664663362393066346231616634373235633934363038
37386661383235366137393434363535366534656132383732613536396134663064613438626164
38316266626334376465303839313363663836633133393832383230616430633530616531343130
30653162303036643565663234303961653163316264373330333138613964346563383761343233
36366432663037323863303930366466363066323031323537316533373432636232306536613663
62323862616533363861653362353532356662356630303661613934636538393632343430366139
62356138366630393232313331633139323765393164323162633934626335353432393063386431
32343265356639306466396534633936363465323336303166323662666665633166333137323262
36616165383865323535633463323132363833626337303263333164303732333535363934636234
39333834386264396134323636666434383639633034343663663265386664353735333030313061
36636362303137383632633862663365343865656636663837316239366233646131373136383462
65383431653132393764666334343537313636343532646263643163363466393635303231303666
66633766656432626262373230373032366439366462656439656265633261626335616134393832
32653435616530383562613932353830333734656264353937373831323462306566303630633565
62343037306362373330633337346365333065613536643532643330343532626563653333376665
64636333656661393862663031616434343739376335613336636538376130393631613065353363
37383332663134316331663365613935346165316531306335303562376437643833366130653361
37653161356333373733303731356436383437643165636363303530646465656131653734333164
65313636613466643937383537393430613635336638623232613533646463336235616630346236
62316266383038376335346531373139356531643836356635393832346335313239633338346665
36323338326232623739366164306336356135323033646538373630383763316465653635616262
61636434326365643636653165623233333437353935346565373536326130353465363165373934
36616630303939373564663666633733643663623935653438373765656639363861303666633762
35323433386130333139363964376233613331336339376663333437383465626663613766356535
61616265666366623836336266623063323338343063656432613636643037663137313235633762
39633962353761386365396532353234323530363536316536383963396539653362393537396363
35613938386364323036386364613730626562356537616263623261663738663335393035376135
30323032363764366362363730356530666438333735613336353031613132393438643034646339
30333961636166396462343230356437373266363539363034323761613538313965393037366562
64333966386164393335356636653861376462363538643063656361653336666232613161633665
35303836303439663331666431656162393237333662343036303333313538623331356435396130
62633939623135336333653433643463623266383966303036353561656565336337306265343333
39663830376133653530313033656336643934353939316630306664643732343063313732306666
39373834373762613136623163373134333362373363343632313236666133383635303130663364
62343761636262656539376364626136316537343064376632336436366239633230653430326234
31643965326636336438623033353939633034663133363235336434323039306430643234353165
37393533643130346230313463663432663666326265623538396265363537646338343365616338
38383835313762303638636330663137353835623138633061383735666230333431663766633065
33373635343430323062373734633232666362313433306166643031376365623762663365616338
32633336346133346638323836343266323832373433613666633333373530373166346631336138
35383836353132666465376164383430646436346363393664326634313264663665333331326665
61616462623638303630336663633064303039633636393430323835666162306334363662336638
34313437303834353561643937303832633839336436613635616232633961653132383435663864
62333530336432356137363066636164366662376336343539313230363536336435616162643264
65316232343035643533326565333933383661663961363334396333363461356637643162633233
61636164626230366566316563646534386536643563376631353538656238313466393837303735
38343964663839303237356231313566623332323864323931333939346261323830396634366137
63303661383561356633623765396430616338323664326333663039633336303938623136373236
39323761393436396434326537663633623038363232316666383030646161313137393435333662
36376232616531376239316338373463653138323963366530326236633938623133306564636263
33303063376338356531626539326666633265323034626637376638613665613533393263616365
34646333363732626539636565663061656666623638303035336330653338393166353639336431
63663636313037636136306262633166613433623639326535316165353133653030633366326433
61306639636635663037666563363433646239633662353037313162643130316164353232383033
61656236303033343932616136366131366666333337643830626530626161333534303462333363
37313761353638306663333439636663663463316562613364616133393639623330383262313436
64333236666534623631353361353661343032353430353835363166626535333735666533326336
32663962313461353135663664666363353036303262303836626564626363396531343165303539
61666430656639343236633261623030653438376664376537653662626139633464353035666161
66376538613362383864653336373135613531363430326563323861326561616563363264333732
64623836643261393865646334653461383536656236366663663965313734643530613266626534
39396661303165653035373630663031626631643861363030393836636635333461363262306339
65646463663831363431346232303963353065383735356366333030643436366561663864343436
63663561666131613039643865663130323530303864373130386261653239356635306162626434
65623136306335303930323333616166663966303132633966623536393939376631356230623930
66613439626166653464393036323165623039396338616537633466646436653538663731656562
64623161373332313739653062663032636237363730623334333961316563396637386434386534
65623637323062613132643234653662656236313533333666613865663865616461313133343230
33393435386134373232663831336662376534656635363436643730383463616239373430326538
35653630666338616566396231356530343462316636343730376465326239653262393739393032
64643566383139306438653862646636656231396331326465356566643139363239313965663464
61333933323332653264363661346230363930626537653638366265383134333763626335623264
32306466356264333236666264306339313336353532656463646263616530623530646636346363
66343862633635613831363036623563653664353130303264353366633063643063323065353066
64343334363535663536373236616161303430646230613532306331363865383364333936336135
38343537666539643963313365333733383830633361643539373037356636366436663461363037
38636165386464363239613033323136616561356661393339326561386466326362353165626364
31323530663632303131363236373061623762626633313566333364343838333933643438336435
39383136626561386634626633656436323566623631383334663633623331313864353638393737
34643164336339336236626134623237346363626634353966383839393430363530653239613538
61636630653238346232366630343335346338383130633635646433666435653439313437316636
65313035613336616434666664393930616465363139616164373161633661616632623639336533
32333939323561383161643465366537383431386262613036353264613939666665346338343137
36383865353831663264393064656663666261323632376536346137623630393336356635326432
62313738386462373039336139636133323432373734393536343132353761653231363134313439
35313533316334386631663564353466313866373865323539306132643032663661646434626535
33333039666233336136356562646630623561376363383163646135323263336534613561396433
33363332356330663736623963633835663336373464643130643932643435646235363362396531
30356537623532646430653762656366393536663032626131383563326535613366656365356465
31306461353465623331643537343535623933343935343836363539346236343666343335386637
31663535333231623635396631623933353738646538646133343036353964353763636230613664
66643366383961323134303239636236663438316331376532343338666462323637333635333134
33336332643838393536306333383563376562326438666561616262386531343630336565323530
39333533653031633732636232663930373564623964383865343764363831653035353736376131
65366232653638386535633532613966313061643465626232386231326332623963663839613862
61623432366464336465333362633261626434326331316362393134386163646433303435643632
37313434313634303134613835393734376438366464306536613763633131646632363337363539
35653635386661313734363534353061373037333464363936626536366530303663373861356536
37363866613639393461363161313261653334333631613961356531333130326335386338643831
39383033363233616364353265613836313765636562333536313661383730653838383035376264
62373262313030346333386237376432653736376130643938656334313139636466373762396565
36393033663333323630323536353032663066643436613236376665356133653762333039656664
63376639613030373137313234643035326439326235316436643231643739303838303732616435
36356532666637633763613338333632633536646436363133313039656635333761626232383131
39383661633963383461653964366130666334313131376462636536396436356265303734366461
39383362633235646364346539383935653439323431363435353562666365616534643731336533
36366433663735656138653262613662333765626435373432326136323334666231643266343665
33653138356631343364303231366563636363373863303137336365356465613130383038653438
31313332646166323566656561303634366563653864666237636532376366636261343465303433
65663962646131386162383364643333336363643762663762396463663264646562633531356132
61666134376166363636643337636264393865363334363631653630663562653731316238616538
66346438393732336164623333383061386536626565343165313933646135353866376639353135
62326662613864363865313236373837623365316433353233313034333366353363626262643839
39373636623264633439613536353765623865643631333130626261646532656337373762316365
62636562613565363663343562376532313664643737353233643136336264616261313736323831
35363630396438666538333230386632373261333330326435336237316239353730626630666532
64636435303930666332353736663337656137666263336632316431623337363062383638633639
35333230393632666262343338326538643663343465633964393637613137646136636637373439
33656265636461396436343831376563333632663832313162663733306439343539323766373562
64633931643135356630306361653664373465616237343966636533306432656265333236323735
39363133346532346431366338613936363539373939336539376537313236663565633863346435
66326238643036323832303266316533333261623031366136366235626436623536666566356635
32313265343934643866623761363666666661646139333837373966643531616461616333313835
64626133363466343334613238336164343837353664616533643262323662626337656134343065
61643430663237633762623463636133616536343833613035373731663732353064366166613337
65666538353862376264353537663733396330353236373565366539646434316436653832646330
63653932346563663732633733613862643436336564663033393037666631616534623037656565
39663934393665636635373962636137393836333035376263376166336634613764656363303061
66653161393862326233356365356131623938623139376635313839396563613039633166306565
61366464383364326266663461346231633037633764323739616631343738376166306436313635
37663566666535353031333362623762623233656334633330663130373234333632623734313838
30653163663138336462336666393037343436393964666664366436653731383039636431343539
34363736343336393435353866363932396130663634353332633831336536333263363437376565
62643963396466633066616232396638653135633437346263646333336239626131616661363033
35313135356566643637613666393565326637623433626435303035323239623832386130653462
39353133353539666532656534316464653563363533623933663734373439376464353235353233
37623339663835393338663933653932363463346236303530343962313333636231396561313466
32363432333538643137313731643561316133373138623064386238643765643535326638303034
35393734663439313536336134363761393934613938663732663862353261316230616438383865
63336463383632356162626366383331313337656237613637376534663739356161663165363730
39656464393664393834343134623530396636396564653863326434303435353066353638343939
66373763623735323563633435626461396362336164323130343061646665633837353134316234
30626534613936373834316564323930373235363631303365386530383833613432363235313731
64663962323431306566623665353031376133346433633833393531646533363764353738643036
64633936363635323438333136656362643764396139343237386161616538353038393838316439
63303365353264356438303764393038373961316437346132393466363933623437616535633431
63666465333365343330653837643265663734316262636266633964326133303361323933373030
33333062653864316665663531633566393461663734366261653664613638313438363831386534
30383136656235373663643663633637623336653264656532383033323536316137613338626539
62326661386138653637663538383663643438396635626462626239386166356637643635663137
39373633333936336630616362323336653365663739623634666362656136656138656461336566
31643639323938663930393534366462663933353264323335366563343834666237373431633437
32323733613463316437666462626363323962306461636664396264303764353430336234626566
31646537663338653562613361343362666534613431383131373266306635333034386366353165
37396234653461323933636230373165386230303735353039653834636633303039363162373762
30623932346334613632373663663432326139666231313137383264623539623065376164623563
66653561393232616231323661346632663661653438613262336432633466616634623635386630
61613237393931633166613166336461636633336330396364336530313162333665376434626335
32646636343437656138316465346238643138623535613338656263616464316466663965373634
64633130653235393461303135303034326335363862323830613032346131636331333464303562
61626236303139613861656661633636333761353861326430633333343766343764333961376536
61323338616338396238323364333763363662306133383831386635323463323937666434656439
34623362383131633535373166636338366565633036666132316138306563366437633030376566
36613266336538393466333461626139363337393362383864366362343966353331343931356334
63333061363630353539656264633765303236353939393434376361376637663739643464653239
30303831643865353836356636643061336564396531353137656633626166633661656464373962
64343539383537393665323538663337376163376136653362643366623732393734313562363763
64313934383366633134333365343732373362633138313537633366346564303639663535376530
32333939373537356565613261306634663861303036316137643262616135353465373661646330
31326566376238323561636132353866666535323536333038663535326364636263393662666530
32373432313833323936666432316436633732336163623934663034303638353635346363636462
33356535653530666138633862313931303335643764386166653435633864373030356532643736
63393137316534663036613635343039386433313630633131386161653237616433366538633765
31393334663633646232613537313334383762653633303532343935353336636566393634633830
38333638633937383965343363306436366531646637666562363434653232653032303166353236
33373466396236643833373638623138306535313537653831353431616164383438383730626139
62373237363537366138326333666433626336633838656339306230363038313666306465326338
333263623762376335366161663938336536
