$ANSIBLE_VAULT;1.1;AES256
39343834633635636566303535366165653832643765303465323866613566373565623431373234
3161333431626166633738353138646361326637396236360a396366613162303062346434616239
64336239306235386336373533323137656232343237386339303538376665336634373537366563
3961383662373863380a306364656361323531313431353436343230316435356335356264343964
31656430363131633662333433646631336236346431613031623736643237656138633334653835
36323966316138333265626233653536663730306333643332303232393832393866343637356164
36333162376561333934376539333663393738386465393637346634303766656664626239633639
64373436323364346438343934656463306531313536636436346239343635326161396432306261
66653164373633373430316266626664346237656136306636336230633939366362656265306434
37393339336232396230613339663064633861633032643766653139393464346630393663656262
61623035356432366136336632366632353164303963343539393666333535333930323261313065
30373436353839363634386366313232623638643032386630306562633263383437656334663434
39636662656233653139656662666431633636653164643261303737396363616563353261636163
37663663353966646365643763336437396461343837626637333939333762353433343865346562
63663631613166646434653036313135656434313230343336343162343963383737383962663237
37396336363062383335396233663666666561393462663733336336653762396665643766363363
31353931376463373532376637666461613963653561346235333234356532383634363062663665
35653336393438633662316232383232366630373931313831373737383830363734353066363139
31326237366161323738316561663631326333343462303639353336663430653963633863663863
63343036646336633732633565313661623337346435616431623836656137383933373062303730
65303131376665653439623837393431653163366133643561643133653333653464316262333964
65626231376662373230366366363638666432316366623364313462653434313030393738303937
34663564623830356566373664393363656433663737393733383434353131346538633533613964
39313135376539323836